10-10	2	10	202 0 593
====================================================================================================
10-20	2	10	200 0 613
====================================================================================================
10-30	2	10	176 0 627
====================================================================================================
20-20	2	10	294 0 932
====================================================================================================
20-30	2	10	278 0 948
====================================================================================================
30-30	2	10	297 0 1213
====================================================================================================
