code_change_data	1	5	636 0 5143
====================================================================================================
code_change_data	2	5	820 0 5143
====================================================================================================
code_change_data	5	5	507 0 5143
====================================================================================================
code_change_data	3	5	742 0 5143
====================================================================================================
code_change_data	4	5	578 0 5143
====================================================================================================
