10-20	1	5	120 0 613
====================================================================================================
10-20	2	5	177 0 613
====================================================================================================
10-20	3	5	157 0 613
====================================================================================================
10-20	4	5	139 0 613
====================================================================================================
10-20	5	5	130 0 613
====================================================================================================
